DiscreteTask,32
TrialNumber,40,N/A
Success,1,(bool)
TrialScore,99,N/A
TotalScoreSinceBlockBegan,4057,N/A
MotionDuration,1.13567,(s)
targetTime,1.4,(s)
MaxResidAngle,7.72699,(s)
StartToTargetDistance,0.25,(m)
HMInertia,3,(kg)
PendulumMass,1.1,(kg)
PendulumDamping,0,(N.m.s)
PendulumLength,0.5,(m)
ArcOfCup,2.26893,(rad)
PendulumInitialAngle,0,(rad)
PendulumInitialVelocity,0,(rad/s)
TargetAccuracyFactor,1.3,(target width=factor*cup width)
CartAccelerationAmplificationFactor,1,N/A
VisualScalingFactor,6,(visual=factor*real)
CupAdditionalVisualScalingFactor,0.025,(visual_cup=additionalFactor*visualFactor*real)
AutoStartMode,0,(bool)
CanBallEscape,0,(bool)
DampingEnOfMotion,0,(bool)
PerturbationInBlock,0,(bool)
PerturbationInTrial,N/A,(bool)
PerturbationMagnitude,N/A,(N)
PerturbationDuration,N/A,(s)
PerturbationDistance,N/A,percentage of start to target distance)
PerturbationDirection,N/A,(+1:right, -1:left)
PerturbationVisible,N/A,(bool)
PerturbationRandomEvent,N/A,(bool)
PerturbationRandomDistance,N/A,(bool)
PerturbationRandomDirection,N/A,(bool)
Time,Pendulum_Angle,Pendulum_AngularVel,Pendulum_AngularAcc,Cart_Pos_X,Cart_Vel_X,Cart_Acc_X,Ball_Force,User_Force_X,User_Force_Y,User_Force_Z
(s),(rad),(rad/s),(rad/s/s),(m),(m/s),(m/s/s),(N),(N),(N),(N)
0.000979935,0,0,0,-0.125899,0.000151398,-0.00871287,0,0.298269,0.0434067,-0.269826
0.0117271,0,0,0,-0.125898,7.14405e-005,0.00682432,0,0.365959,0.0885812,-0.246336
0.0229688,0,0,0,-0.125897,8.51093e-005,0.00725331,0,0.337193,0.103328,-0.238506
0.0335081,0,0,0,-0.125896,8.72274e-005,-0.0132095,0,0.349426,0.0540488,-0.293316
0.0444405,0,0,0,-0.125895,0.000102397,0.00609277,0,0.373077,0.1177,-0.308976
0.0553973,0,0,0,-0.125894,0.000105145,-0.0130588,0,0.337711,0.0723446,-0.308976
0.0664957,0,0,0,-0.125893,8.67479e-005,0.00652784,0,0.369517,0.103144,-0.293316
0.0774307,0,0,0,-0.125891,9.1615e-005,-0.005517,0,0.347127,0.0777578,-0.261996
0.0884273,0,0,0,-0.125891,8.64179e-005,0.0103019,0,0.363659,0.112293,-0.301146
0.0994504,0,0,0,-0.12589,9.04684e-005,-0.00439035,0,0.371815,0.0794411,-0.340296
0.110436,0,0,0,-0.125889,6.80788e-005,-0.00625244,0,0.324736,0.0523744,-0.363786
0.121431,0,0,0,-0.125888,4.51349e-005,0.00652377,0,0.318879,0.0615208,-0.402936
0.132433,0,0,0,-0.125888,3.94702e-005,-0.0121784,0,0.281734,0.00888163,-0.355956
0.143435,0,0,0,-0.125887,4.25479e-005,0.0199644,0,0.286034,0.0926928,-0.324636
0.154443,0,0,0,-0.125887,4.31957e-005,0.00164826,0,0.250668,0.0473356,-0.355956
0.165476,0,0,0,-0.125887,4.97307e-005,0.00930171,0,0.208408,0.073094,-0.363786
0.176204,0,0,0,-0.125886,7.16021e-005,-0.00654088,0,0.155471,0.0551732,-0.355956
0.186586,0,0,0,-0.125885,5.68692e-005,-0.0246051,0,0.148874,-0.004932,-0.316806
0.197451,0,0,0,-0.125884,6.53273e-005,-0.00627194,0,0.178381,0.0495739,-0.261996
0.208422,0,0,0,-0.125884,5.0064e-005,-0.00680895,0,0.214784,0.0329619,-0.301146
0.219437,0,0,0,-0.125883,3.92206e-005,-0.028577,0,0.198771,-0.0325568,-0.293316
0.229909,0,0,0,-0.125883,2.94823e-005,0.00361462,0,0.191875,0.0385612,-0.308976
0.240571,0,0,0,-0.125883,-4.24031e-007,0.000955537,0,0.161848,0.0150411,-0.308976
0.251449,0,0,0,-0.125883,-3.89632e-006,-0.00851235,0,0.20055,-0.025277,-0.308976
0.262084,0,0,0,-0.125883,-5.60357e-006,-0.00426521,0,0.227019,-0.0163166,-0.363786
0.273444,0,0,0,-0.125883,3.36498e-005,0.00411134,0,0.20129,0.0439763,-0.395106
0.284434,0,0,0,-0.125882,5.12686e-005,0.00363646,0,0.197212,0.0604024,-0.410766
0.294858,0,0,0,-0.125882,8.67925e-005,-0.0142961,0,0.26772,0.0508849,-0.410766
0.305519,0,0,0,-0.125881,8.7318e-005,-0.000682607,0,0.251927,0.0856035,-0.308976
0.316437,0,0,0,-0.12588,9.77297e-005,0.00171193,0,0.247849,0.10203,-0.301146
0.326887,0,0,0,-0.125879,9.36433e-005,-0.011896,0,0.24659,0.0637639,-0.316806
0.337457,0,0,0,-0.125878,7.83226e-005,3.84143e-007,0,0.250148,0.0783236,-0.371616
0.34801,0,0,0,-0.125877,6.15881e-005,-0.00143685,0,0.301825,0.0579791,-0.410766
0.358568,0,0,0,-0.125877,2.0634e-005,0.00832958,0,0.305903,0.0415556,-0.395106
0.369446,0,0,0,-0.125877,1.6086e-005,-0.0146065,0,0.339269,-0.0206015,-0.371616
0.379828,0,0,0,-0.125876,-3.50942e-006,0.00917299,0,0.332891,0.0195306,-0.410766
0.391432,0,0,0,-0.125876,1.70606e-005,-0.00340785,0,0.321696,0.00683711,-0.402936
0.402482,0,0,0,-0.125876,2.82624e-005,-0.00771329,0,0.281734,0.00888879,-0.363786
0.412925,0,0,0,-0.125876,5.82603e-005,0.00115132,0,0.286551,0.0617143,-0.418596
0.423414,0,0,0,-0.125875,6.87912e-005,-0.0071282,0,0.26772,0.0508871,-0.402936
0.434468,0,0,0,-0.125874,7.82897e-005,0.00729797,0,0.238432,0.0966201,-0.457746
0.445415,0,0,0,-0.125873,7.43401e-005,-0.000641395,0,0.273057,0.0727291,-0.473407
0.457459,0,0,0,-0.125872,6.50577e-005,0.00372356,0,0.297746,0.0744102,-0.473407
0.468462,0,0,0,-0.125872,4.11169e-005,0.0154843,0,0.274836,0.080009,-0.512557
0.479418,0,0,0,-0.125872,1.53804e-005,-0.00406961,0,0.297007,0.00515868,-0.457746
0.490418,0,0,0,-0.125872,-2.67857e-005,-0.00541511,0,0.293969,-0.0403869,-0.473407
0.501446,0,0,0,-0.125872,-2.16007e-005,0.00552638,0,0.318138,-0.00771996,-0.512557
0.512451,0,0,0,-0.125872,-2.58241e-005,-0.00958673,0,0.364478,-0.0499033,-0.449916
0.52445,0,0,0,-0.125872,-4.2378e-006,0.00359367,0,0.361658,0.00478848,-0.442086
0.535446,0,0,0,-0.125872,2.18517e-005,-0.00463809,0,0.371074,0.0102021,-0.426426
0.546447,0,0,0,-0.125872,3.79084e-005,-0.00746311,0,0.397542,0.0191632,-0.426426
0.557462,0,0,0,-0.125871,7.6082e-005,0.00349773,0,0.381228,0.0848673,-0.465577
0.568446,0,0,0,-0.12587,0.000102788,0.00304617,0,0.371292,0.11044,-0.489067
0.579468,0,0,0,-0.125869,0.000136784,0.0161938,0,0.444317,0.177458,-0.410766
0.590353,0,0,0,-0.125868,0.000134454,-0.00316727,0,0.431864,0.126499,-0.395106
0.600985,0,0,0,-0.125866,0.000131001,-0.0010495,0,0.424227,0.128365,-0.426426
0.611473,0,0,0,-0.125865,0.000134442,0.0112575,0,0.473083,0.162718,-0.457746
0.622503,0,0,0,-0.125863,0.000130573,0.0258041,0,0.497251,0.195385,-0.457746
0.63292,0,0,0,-0.125862,0.000131433,-0.00641927,0,0.477681,0.11531,-0.465577
0.64345,0,0,0,-0.12586,0.000124663,-0.00149475,0,0.500591,0.109712,-0.434256
0.654461,0,0,0,-0.125859,0.000128788,0.0120245,0,0.488355,0.15899,-0.496897
0.665452,0,0,0,-0.125858,0.000139769,-0.0133046,0,0.451213,0.106352,-0.481237
0.676457,0,0,0,-0.125856,0.00013863,0.00305374,0,0.477159,0.1463,-0.496897
0.687458,0,0,0,-0.125854,0.00015771,-0.00439636,0,0.412508,0.146668,-0.434256
0.698487,0,0,0,-0.125853,0.000158812,0.000890037,0,0.44839,0.161048,-0.426426
0.709473,0,0,0,-0.125851,0.000159887,-0.0118744,0,0.448911,0.130062,-0.457746
0.720461,0,0,0,-0.125849,0.000158584,-0.00622721,0,0.427779,0.142943,-0.512557
0.731525,0,0,0,-0.125847,0.000142176,-0.00259283,0,0.426,0.135663,-0.473407
0.742473,0,0,0,-0.125846,0.00012399,-0.00122255,0,0.454768,0.12092,-0.465577
0.753463,0,0,0,-0.125845,0.000132379,0.00710588,0,0.429556,0.150227,-0.504727
0.764456,0,0,0,-0.125843,0.000132297,-0.00148383,0,0.391895,0.12857,-0.457746
0.775462,0,0,0,-0.125842,0.000147263,0.0107638,0,0.362605,0.174299,-0.465577
0.786474,0,0,0,-0.12584,0.000147891,-0.00214668,0,0.370762,0.14145,-0.465577
0.797037,0,0,0,-0.125838,0.000148849,-0.0100825,0,0.317827,0.123525,-0.426426
0.807553,0,0,0,-0.125837,0.000141136,-0.000399052,0,0.281422,0.140133,-0.442086
0.818484,0,0,0,-0.125835,0.000156285,0.00516429,0,0.288535,0.169256,-0.457746
0.829159,0,0,0,-0.125834,0.000114821,0.00569458,0,0.294916,0.129124,-0.442086
0.839701,0,0,0,-0.125833,8.17442e-005,-0.00573658,0,0.263636,0.0673355,-0.442086
0.850263,0,0,0,-0.125832,7.35006e-005,-0.00817788,0,0.227753,0.05296,-0.418596
0.861481,0,0,0,-0.125831,5.22864e-005,0.000268181,0,0.227753,0.05296,-0.449916
0.87249,0,0,0,-0.125831,5.74425e-005,-0.00252739,0,0.23539,0.0510944,-0.528217
0.883012,0,0,0,-0.12583,6.22112e-005,-0.00509613,0,0.210701,0.0494112,-0.551707
0.893567,0,0,0,-0.125829,0.000101908,0.0226484,0,0.205052,0.158794,-0.481237
0.904479,0,0,0,-0.125828,0.000103285,-0.00183008,0,0.198461,0.0986883,-0.489067
0.915471,0,0,0,-0.125827,0.000107997,-0.00444886,0,0.206098,0.0968227,-0.457746
0.926496,0,0,0,-0.125826,0.000124429,0.0035739,0,0.182665,0.133405,-0.457746
0.937483,0,0,0,-0.125824,0.000109274,-0.0187059,0,0.189569,0.0622897,-0.457746
0.948485,0,0,0,-0.125823,9.52735e-005,-0.000795516,0,0.189045,0.0932754,-0.449916
0.959486,0,0,0,-0.125822,7.60014e-005,-0.0119262,0,0.161323,0.0460461,-0.457746
0.97047,0,0,0,-0.125821,5.49376e-005,-0.00643791,0,0.159544,0.0387674,-0.504727
0.981442,0,0,0,-0.125821,4.49994e-005,0.0025006,0,0.203063,0.0512802,-0.512557
0.99249,0,0,0,-0.12582,4.01156e-005,-0.000536777,0,0.159544,0.0387674,-0.536047
1.00289,0,0,0,-0.12582,5.13917e-005,-0.00569649,0,0.134856,0.0370837,-0.489067
1.0135,0,0,0,-0.125819,5.81445e-005,0.0104187,0,0.123662,0.024389,-0.481237
1.0245,0,0,0,-0.125819,5.12956e-005,-0.0042452,0,0.151908,0.0406328,-0.465577
1.03547,0,0,0,-0.125818,4.72332e-005,0.0162482,0,0.147304,0.0880442,-0.481237
1.04649,0,0,0,-0.125818,5.13936e-005,-0.00212849,0,0.161323,0.0460474,-0.481237
1.05846,0,0,0,-0.125817,3.4884e-005,-0.0231269,0,0.160591,-0.0232042,-0.418596
1.06897,0,0,0,-0.125817,2.61127e-005,-0.00298677,0,0.178898,0.0186108,-0.465577
1.07945,0,0,0,-0.125817,1.72949e-005,0.0135314,0,0.203063,0.051282,-0.449916
1.08992,0,0,0,-0.125816,3.50543e-005,-0.0110745,0,0.257044,0.00723833,-0.496897
1.10051,0,0,0,-0.125816,5.23529e-005,0.00522595,0,0.271271,0.0654791,-0.520387
1.11124,0,0,0,-0.125815,9.15419e-005,0.0252199,0,0.252647,0.154887,-0.528217
1.1216,0,0,0,-0.125814,0.000117918,0.00743656,0,0.264365,0.136596,-0.528217
1.13224,0,0,0,-0.125812,0.00016692,0.00881427,0,0.333827,0.189059,-0.504727
1.1426,0,0,0,-0.125811,0.00016694,-0.000704046,0,0.368454,0.165172,-0.489067
1.15312,0,0,0,-0.125809,0.000198638,-0.0142976,0,0.317297,0.154527,-0.449916
1.16361,0,0,0,-0.125807,0.000179556,-0.00989287,0,0.284972,0.154708,-0.489067
1.17471,0,0,0,-0.125805,0.000150958,0.00357768,0,0.326711,0.159944,-0.465577
1.18534,0,0,0,-0.125804,0.000125618,0.0245176,0,0.34146,0.187199,-0.504727
1.1959,0,0,0,-0.125803,9.24998e-005,-0.00354492,0,0.291877,0.0835959,-0.559537
1.20636,0,0,0,-0.125802,5.55667e-005,-0.00110516,0,0.260076,0.0527909,-0.520387
1.21691,0,0,0,-0.125801,4.55079e-005,-0.00282538,0,0.224194,0.0384113,-0.583027
1.22734,0,0,0,-0.125801,5.19107e-005,0.0155134,0,0.293655,0.0908761,-0.614347
1.23793,0,0,0,-0.1258,8.66905e-005,0.0197998,0,0.296687,0.136422,-0.559537
1.24843,0,0,0,-0.125799,0.000106924,-0.00408962,0,0.238419,0.0966524,-0.590857
1.25885,0,0,0,-0.125798,0.000114348,0.00380591,0,0.253168,0.123908,-0.583027
1.26935,0,0,0,-0.125797,0.000142376,0.00558325,0,0.309656,0.1564,-0.567367
1.27991,0,0,0,-0.125795,0.00015528,0.000517789,0,0.277331,0.15658,-0.536047
1.29142,0,0,0,-0.125794,0.000144443,-0.00891657,0,0.260803,0.122047,-0.551707
1.30206,0,0,0,-0.125792,0.000138214,-0.00583739,0,0.317817,0.123552,-0.598687
1.31271,0,0,0,-0.12579,0.0001316,0.00340683,0,0.28141,0.140157,-0.622177
1.32315,0,0,0,-0.125789,0.00012221,0.0165843,0,0.279106,0.163865,-0.622177
1.33379,0,0,0,-0.125788,0.000108083,-0.00454857,0,0.238416,0.0966585,-0.676987
1.34415,0,0,0,-0.125787,9.9137e-005,-0.00678375,0,0.234861,0.0820981,-0.614347
1.35478,0,0,0,-0.125786,8.79713e-005,0.0100698,0,0.20201,0.113264,-0.622177
1.36535,0,0,0,-0.125785,7.96523e-005,-0.00178148,0,0.168432,0.0751777,-0.598687
1.37594,0,0,0,-0.125784,8.34802e-005,-0.0185399,0,0.167179,0.0369132,-0.637837
1.38664,0,0,0,-0.125783,8.45868e-005,-0.0137829,0,0.11372,0.0499679,-0.653497
1.39726,0,0,0,-0.125782,9.1866e-005,0.00239946,0,0.133802,0.0990643,-0.669157
1.40851,0,0,0,-0.125781,7.50762e-005,0.00234002,0,0.113195,0.0809537,-0.637837
1.41924,0,0,0,-0.12578,9.61595e-005,-0.00382645,0,0.0902839,0.0865485,-0.739627
1.4298,0,0,0,-0.125779,8.09181e-005,0.00075667,0,0.105558,0.0828186,-0.747457
1.44054,0,0,0,-0.125778,8.54465e-005,-0.0104839,0,0.107861,0.059114,-0.676987
1.45151,0,0,0,-0.125777,0.000102771,-0.00712938,0,0.0655945,0.0848637,-0.669157
1.46251,0,0,0,-0.125776,9.76382e-005,0.00569418,0,0.112668,0.11194,-0.700477
1.47347,0,0,0,-0.125775,0.000102096,-0.00463347,0,0.0426837,0.0904584,-0.723967
1.4845,0,0,0,-0.125774,0.000105122,-0.0131197,0,0.0544014,0.0721687,-0.700477
1.49506,0,0,0,-0.125773,9.77762e-005,-0.00224217,0,0.0673715,0.0921445,-0.684817
1.5055,0,0,0,-0.125772,8.0034e-005,-0.00313145,0,0.0544014,0.0721687,-0.637837
1.51651,0,0,0,-0.125771,6.04056e-005,-0.0120366,0,0.0684237,0.0301731,-0.692647
1.5275,0,0,0,-0.125771,4.94482e-005,-0.0112437,0,0.0419574,0.0212071,-0.653497
1.5385,0,0,0,-0.12577,4.92323e-005,0.00987419,0,0.0467645,0.0740335,-0.653497
1.54891,0,0,0,-0.12577,3.64655e-005,0.00848894,0,0.0185204,0.0577873,-0.676987
1.55949,0,0,0,-0.125769,4.29305e-005,0.0014603,0,0.0643422,0.0465983,-0.676987
1.57047,0,0,0,-0.125769,5.72756e-005,0.00310228,0,0.0202976,0.0650677,-0.676987
1.58152,0,0,0,-0.125768,6.83202e-005,-0.0056783,0,0.0337939,0.0540579,-0.708307
1.5925,0,0,0,-0.125767,8.32332e-005,-0.0101308,0,0.0185199,0.0577874,-0.669157
1.60352,0,0,0,-0.125766,7.61615e-005,-0.0247064,0,0.00785401,0.014106,-0.606517
1.61416,0,0,0,-0.125765,9.90947e-005,0.0146242,0,0.0780367,0.135827,-0.614347
1.62553,0,0,0,-0.125764,8.77007e-005,0.0054104,0,0.0615114,0.10129,-0.622177
1.6365,0,0,0,-0.125763,8.78218e-005,0.00320611,0,0.0520968,0.0958746,-0.653497
1.64748,0,0,0,-0.125762,7.56248e-005,-0.0160107,0,0.110164,0.0354103,-0.606517
1.65947,0,0,0,-0.125761,9.05247e-005,0.0174681,0,0.112139,0.142929,-0.575197
1.67053,0,0,0,-0.12576,0.00010441,0.00960954,0,0.0762579,0.128547,-0.559537
1.68154,0,0,0,-0.125759,0.000105967,-0.00921461,0,0.105555,0.0828222,-0.598687
1.69199,0,0,0,-0.125758,0.000107223,0.00255094,0,0.137353,0.113631,-0.622177
1.70254,0,0,0,-0.125757,0.000107201,-0.00822092,0,0.0902802,0.0865523,-0.630007
1.71352,0,0,0,-0.125756,0.00010137,-0.00664164,0,0.13202,0.0917897,-0.645667
1.72452,0,0,0,-0.125755,8.6143e-005,-0.00510462,0,0.176065,0.0733217,-0.583027
1.73519,0,0,0,-0.125754,8.0054e-005,-0.00557829,0,0.174287,0.0660429,-0.559537
1.74652,0,0,0,-0.125753,5.87673e-005,0.00066961,0,0.197198,0.0604492,-0.543877
1.7575,0,0,0,-0.125752,5.15999e-005,-0.0051724,0,0.191865,0.0386083,-0.504727
1.76851,0,0,0,-0.125752,3.01865e-005,0.00112596,0,0.214776,0.0330146,-0.520387
1.77953,0,0,0,-0.125751,3.46481e-005,-0.00503356,0,0.228273,0.0220052,-0.528217
1.79051,0,0,0,-0.125751,3.45901e-005,0.00375597,0,0.20128,0.044024,-0.551707
1.80151,0,0,0,-0.125751,5.79725e-005,-0.00569508,0,0.265931,0.0436681,-0.583027
1.81254,0,0,0,-0.12575,6.23096e-005,-0.000740708,0,0.197198,0.0604492,-0.598687
1.82354,0,0,0,-0.125749,6.11965e-005,0.00974102,0,0.251907,0.0856632,-0.575197
1.83412,0,0,0,-0.125749,5.73024e-005,0.000439613,0,0.23716,0.0584066,-0.512557
1.84462,0,0,0,-0.125748,5.06468e-005,-0.00337838,0,0.208916,0.0421612,-0.536047
1.8555,0,0,0,-0.125748,4.72254e-005,0.00162464,0,0.203057,0.051306,-0.567367
1.86607,0,0,0,-0.125747,4.06958e-005,0.00199733,0,0.225968,0.0457125,-0.567367
1.87656,0,0,0,-0.125747,4.19635e-005,0.00654736,0,0.23716,0.0584086,-0.551707
1.88702,0,0,0,-0.125746,3.61852e-005,-0.00712941,0,0.171259,0.020498,-0.551707
1.89765,0,0,0,-0.125746,3.22197e-005,-0.00555062,0,0.243547,0.0182781,-0.457746
1.90952,0,0,0,-0.125746,4.09308e-005,-0.000924018,0,0.191865,0.0386099,-0.426426
1.92053,0,0,0,-0.125745,3.18927e-005,0.00914299,0,0.220108,0.0548573,-0.434256
1.93113,0,0,0,-0.125745,3.66582e-005,0.00873032,0,0.204834,0.0585863,-0.402936
1.94351,0,0,0,-0.125745,4.42956e-005,0.0159412,0,0.162566,0.0843353,-0.340296
1.95452,0,0,0,-0.125744,1.62711e-005,-0.00188672,0,0.144793,0.0115322,-0.301146
1.96551,0,0,0,-0.125744,1.45042e-005,0.000972976,0,0.154207,0.016948,-0.301146
1.97652,0,0,0,-0.125744,1.27179e-005,-0.00687019,0,0.0842239,-0.00453805,-0.355956
1.98754,0,0,0,-0.125744,-5.59974e-006,-0.00841421,0,0.143543,-0.0267339,-0.363786
1.99852,0,0,0,-0.125744,7.58044e-006,0.00305791,0,0.129519,0.015261,-0.379446
2.00953,0,0,0,-0.125744,1.10642e-005,0.0102959,0,0.167176,0.0369246,-0.402936
2.02057,0,0,0,-0.125743,2.53268e-005,-0.0099459,0,0.190615,0.000345536,-0.402936
2.03107,0,0,0,-0.125743,5.00685e-005,-0.00530369,0,0.199502,0.0367471,-0.395106
2.04268,0,0,0,-0.125742,6.75082e-005,-0.000652853,0,0.206611,0.0658684,-0.402936
2.05353,0,0,0,-0.125741,7.1775e-005,0.00850023,0,0.221358,0.0931252,-0.402936
2.06452,0,0,0,-0.125741,7.40205e-005,0.0017385,0,0.250128,0.0783872,-0.363786
2.0765,0,0,0,-0.12574,6.76856e-005,0.00217506,0,0.208388,0.0731487,-0.371616
2.08722,0,0,0,-0.125739,6.18103e-005,0.00140376,0,0.303588,0.0653361,-0.418596
2.09763,0,0,0,-0.125739,5.61706e-005,0.0169397,0,0.198446,0.0987185,-0.457746
2.10854,0,0,0,-0.125738,2.52122e-005,-0.00625942,0,0.184755,0.00949029,-0.410766
2.11953,0,0,0,-0.125738,1.57081e-005,-0.00901488,0,0.188838,-0.00693478,-0.442086
2.12993,0,0,0,-0.125738,-1.61091e-005,-0.0100267,0,0.139989,-0.0412933,-0.387276
2.14045,0,0,0,-0.125738,-1.20858e-005,-0.0212483,0,0.123465,-0.0758306,-0.387276
2.15154,0,0,0,-0.125738,-2.73096e-005,-0.00920822,0,0.145848,-0.050438,-0.434256
2.16255,0,0,0,-0.125739,-4.33725e-005,0.00588263,0,0.15118,-0.028597,-0.395106
2.17355,0,0,0,-0.125739,-5.18086e-005,-0.00436809,0,0.0700057,-0.06278,-0.418596
2.18398,0,0,0,-0.12574,-4.15631e-005,0.00664678,0,0.135906,-0.0248683,-0.395106
2.19457,0,0,0,-0.12574,-3.50164e-005,-0.0111947,0,0.134657,-0.0631343,-0.449916
2.20553,0,0,0,-0.125741,-5.06027e-005,-0.0100441,0,0.123465,-0.0758306,-0.481237
2.21611,0,0,0,-0.125741,-3.02474e-005,0.00578244,0,0.162372,-0.0159007,-0.465577
2.22647,0,0,0,-0.125741,-1.90904e-005,0.0114501,0,0.15243,0.00966901,-0.387276
2.23697,0,0,0,-0.125741,-6.12403e-006,-0.00329123,0,0.219386,-0.0143907,-0.481237
2.24755,0,0,0,-0.125742,-2.09585e-007,-0.0113731,0,0.183506,-0.0287757,-0.473407
2.25853,0,0,0,-0.125741,1.32883e-005,0.00131576,0,0.218858,0.0165932,-0.426426
2.26954,0,0,0,-0.125741,1.88541e-005,0.00341233,0,0.237687,0.0274249,-0.371616
2.2806,0,0,0,-0.125741,4.51813e-006,-0.0126544,0,0.24052,-0.0272662,-0.402936
2.29153,0,0,0,-0.125741,3.0631e-005,-0.0072148,0,0.298783,0.0125094,-0.348126
2.3019,0,0,0,-0.125741,3.55952e-005,0.00314522,0,0.298256,0.0434951,-0.379446
2.31256,0,0,0,-0.12574,2.68471e-005,0.0160661,0,0.295951,0.0672005,-0.355956
2.3231,0,0,0,-0.12574,1.86437e-005,0.00915294,0,0.305892,0.0416333,-0.340296
2.33354,0,0,0,-0.12574,1.46705e-006,-0.00443935,0,0.358102,-0.00968335,-0.402936
2.34455,0,0,0,-0.12574,7.08841e-006,0.00293168,0,0.34816,0.0158834,-0.293316
2.35551,0,0,0,-0.12574,-6.23611e-006,-0.00338863,0,0.284037,-0.0147474,-0.301146
2.36655,0,0,0,-0.12574,-2.73133e-005,0.00850362,0,0.342828,-0.0059546,-0.308976
2.37702,0,0,0,-0.12574,-3.72963e-005,-0.00484358,0,0.299839,-0.049462,-0.324636
2.38765,0,0,0,-0.125741,-3.59846e-005,0.00622836,0,0.306948,-0.0203407,-0.379446
2.39856,0,0,0,-0.125741,-4.1926e-005,0.0151332,0,0.302866,-0.00391564,-0.285486
2.40984,0,0,0,-0.125742,-5.78981e-005,-0.00378168,0,0.246907,-0.0673966,-0.379446
2.42061,0,0,0,-0.125742,-5.20806e-005,0.0112934,0,0.257571,-0.0237147,-0.496897
2.43113,0,0,0,-0.125743,-5.14263e-005,0.000110429,0,0.27515,-0.051149,-0.402936
2.44256,0,0,0,-0.125744,-4.43214e-005,0.000993184,0,0.236965,-0.0418268,-0.418596
2.45356,0,0,0,-0.125744,-1.63159e-005,0.025969,0,0.30767,0.048911,-0.371616
2.464,0,0,0,-0.125744,-9.41183e-006,0.015267,0,0.294701,0.0289345,-0.395106
2.4744,0,0,0,-0.125744,-1.61459e-006,-0.0145959,0,0.281732,0.00895799,-0.363786
2.48481,0,0,0,-0.125744,1.80002e-005,0.00799414,0,0.288841,0.0380793,-0.308976
2.49516,0,0,0,-0.125744,2.95151e-005,0.00920678,0,0.292396,0.0526399,-0.363786
2.50564,0,0,0,-0.125744,2.76967e-005,-0.00173407,0,0.317612,0.0233412,-0.316806
2.5161,0,0,0,-0.125743,3.4979e-005,0.00197663,0,0.281204,0.0399437,-0.379446
2.52668,0,0,0,-0.125743,4.19465e-005,0.00425741,0,0.292396,0.0526399,-0.402936
2.53701,0,0,0,-0.125742,4.84114e-005,-0.00262899,0,0.273567,0.0418081,-0.316806
2.54766,0,0,0,-0.125742,5.89461e-005,0.011169,0,0.341245,0.0869996,-0.363786
2.55834,0,0,0,-0.125741,6.88523e-005,-0.00578304,0,0.317084,0.0543269,-0.371616
2.56874,0,0,0,-0.12574,7.02884e-005,-0.00271294,0,0.311224,0.0634743,-0.324636
2.57913,0,0,0,-0.12574,8.31686e-005,0.00159692,0,0.308919,0.0871797,-0.348126
2.58975,0,0,0,-0.125739,8.97389e-005,-0.00971455,0,0.303587,0.0653387,-0.324636
2.60018,0,0,0,-0.125738,8.5054e-005,-0.0158733,0,0.322944,0.0451849,-0.308976
2.61081,0,0,0,-0.125737,7.02336e-005,-0.00127711,0,0.328276,0.0670259,-0.355956
2.62121,0,0,0,-0.125736,6.54766e-005,0.00061683,0,0.328276,0.0670259,-0.301146
2.63166,0,0,0,-0.125736,5.53007e-005,0.00548099,0,0.288313,0.0690674,-0.277656
2.64221,0,0,0,-0.125735,4.6834e-005,0.0045393,0,0.269484,0.0582355,-0.371616
2.65273,0,0,0,-0.125734,6.50959e-005,0.0168162,0,0.289562,0.107333,-0.340296
2.66308,0,0,0,-0.125734,5.91925e-005,-0.00684983,0,0.241241,0.0419876,-0.418596
2.67365,0,0,0,-0.125733,6.00404e-005,0.00440677,0,0.269484,0.0582355,-0.387276
2.68434,0,0,0,-0.125733,5.7271e-005,0.0191903,0,0.297199,0.105472,-0.308976
2.6949,0,0,0,-0.125732,4.32991e-005,-0.0200689,0,0.221163,-0.00710847,-0.332466
2.70552,0,0,0,-0.125732,5.67966e-005,0.0056999,0,0.248349,0.0711131,-0.363786
2.71621,0,0,0,-0.125731,4.12764e-005,-0.014419,0,0.329331,0.00506005,-0.410766
2.72695,0,0,0,-0.125731,4.403e-005,-0.0132183,0,0.274095,0.0108294,-0.395106
2.73757,0,0,0,-0.12573,3.74381e-005,0.00761007,0,0.244795,0.0565524,-0.348126
2.74814,0,0,0,-0.12573,1.94588e-005,-0.00120901,0,0.251183,0.0164221,-0.363786
2.7586,0,0,0,-0.12573,1.58103e-005,0.00225931,0,0.325249,0.021485,-0.340296
2.76896,0,0,0,-0.12573,9.08909e-006,0.00359143,0,0.275872,0.0181098,-0.340296
2.77938,0,0,0,-0.125729,4.51347e-005,0.0109455,0,0.305363,0.0726268,-0.355956
2.78984,0,0,0,-0.125729,4.97567e-005,-0.00241872,0,0.265929,0.0436816,-0.410766
2.80026,0,0,0,-0.125728,7.05936e-005,0.00169206,0,0.233074,0.0748436,-0.395106
2.81074,0,0,0,-0.125727,8.56412e-005,-0.0231045,0,0.20536,0.0276093,-0.395106
2.82137,0,0,0,-0.125726,9.85645e-005,0.00497852,0,0.274285,0.111069,-0.371616
2.83192,0,0,0,-0.125725,9.98493e-005,0.000896451,0,0.24782,0.102101,-0.348126
2.84244,0,0,0,-0.125724,9.03818e-005,-0.00335794,0,0.267177,0.0819476,-0.371616
2.85357,0,0,0,-0.125724,9.50915e-005,-0.00806136,0,0.233074,0.0748436,-0.410766
2.86458,0,0,0,-0.125723,8.83594e-005,0.00257241,0,0.246043,0.0948206,-0.387276
2.87558,0,0,0,-0.125722,8.1785e-005,0.00303433,0,0.236628,0.0894064,-0.402936
2.88657,0,0,0,-0.125721,8.98611e-005,0.0105309,0,0.316024,0.116312,-0.348126
2.89756,0,0,0,-0.12572,9.40244e-005,0.0110998,0,0.293113,0.121904,-0.324636
2.90857,0,0,0,-0.125719,0.000133643,0.0113046,0,0.286722,0.162037,-0.371616
2.91961,0,0,0,-0.125717,0.000130759,0.0116404,0,0.326685,0.159997,-0.308976
2.93061,0,0,0,-0.125715,0.000144187,-0.00961272,0,0.300749,0.120042,-0.387276
2.94162,0,0,0,-0.125714,0.000155983,0.00152938,0,0.359009,0.159824,-0.324636
2.95219,0,0,0,-0.125712,0.000154398,-0.00646576,0,0.321353,0.138158,-0.387276
2.96259,0,0,0,-0.125711,0.000131909,0.00323014,0,0.313716,0.140022,-0.348126
2.97359,0,0,0,-0.125709,0.000129348,0.00566533,0,0.330766,0.143578,-0.363786
2.98457,0,0,0,-0.125708,9.64863e-005,-0.00726888,0,0.282449,0.0782289,-0.402936
2.99557,0,0,0,-0.125707,8.04338e-005,0.0208267,0,0.311938,0.132745,-0.371616
3.00654,0,0,0,-0.125706,5.21839e-005,-0.00641961,0,0.328801,0.0360597,-0.410766
3.01757,0,0,0,-0.125706,3.04272e-005,-0.0122494,0,0.319917,-0.000339807,-0.426426
3.02863,0,0,0,-0.125705,2.96431e-005,-0.0140241,0,0.278178,-0.00558144,-0.387276
3.03954,0,0,0,-0.125705,1.76323e-005,-0.0083608,0,0.205889,-0.00336764,-0.395106
3.05059,0,0,0,-0.125705,2.35241e-005,0.00520093,0,0.231824,0.0365874,-0.410766
3.06156,0,0,0,-0.125705,2.15357e-005,-0.0033756,0,0.201806,0.0130571,-0.410766
3.07259,0,0,0,-0.125704,6.08456e-005,0.00409288,0,0.248346,0.0711258,-0.465577
3.0836,0,0,0,-0.125703,0.000112514,-0.00838501,0,0.196662,0.0914532,-0.481237
3.09457,0,0,0,-0.125702,0.000174329,-0.00192303,0,0.25617,0.169499,-0.489067
3.10559,0,0,0,-0.125699,0.00027296,0.0177092,0,0.268077,0.251448,-0.536047
3.11658,0,0,0,-0.125694,0.000756265,0.0489674,0,0.258847,0.346271,-0.583027
3.12758,0,0,0,-0.12568,0.00172612,0.102248,0,0.297922,0.506449,-0.684817
3.13859,0,0,0,-0.125654,0.00325307,0.172014,0,0.324717,0.715911,-0.700477
3.14957,0,0,0,-0.125606,0.00562471,0.270324,0,0.380395,1.0109,-0.700477
3.16159,0,0,0,-0.125514,0.0096505,0.404307,0,0.186878,1.41289,-0.857078
3.17196,0,0,0,-0.125383,0.0146648,0.522271,0,0.127031,1.76679,-0.982358
3.18358,0,0,0,-0.125192,0.0208003,0.612435,0,-0.0343748,2.03729,-1.02151
3.19457,0,0,0,-0.1249,0.0289452,0.760814,0,-0.154013,2.48243,-1.2016
3.20559,0,0,0,-0.124541,0.0377628,0.872101,0,-0.293299,2.81629,-1.30339
3.21755,0,0,0,-0.124057,0.0481415,0.980841,0,-0.403128,3.14252,-1.45216
3.22857,0,0,0,-0.123421,0.0601471,1.03058,0,-0.613503,3.29173,-1.40518
3.23957,0,0,0,-0.12271,0.0716536,1.07282,0,-0.668452,3.41845,-1.5148
3.2506,0,0,0,-0.121834,0.0838312,1.05908,0,-0.731697,3.37722,-1.77319
3.26158,0,0,0,-0.120869,0.0959706,1.08721,0,-0.709771,3.46162,-1.89064
3.27259,0,0,0,-0.119724,0.108115,1.1446,0,-0.635953,3.63378,-1.96111
3.2836,0,0,0,-0.118438,0.120255,1.0577,0,-0.688115,3.3731,-1.96111
3.29557,-0.000128434,-0.0228318,-2.03068,-0.117019,0.131892,1.01534,1.11687,-0.822219,3.24601,-2.09422
3.3067,-0.000128434,-0.0228318,-2.03068,-0.11538,0.147559,1.3862,1.11687,-0.961405,3.24172,-2.1412
3.31852,-0.000540788,-0.0519292,-2.64176,-0.113713,0.16199,1.32214,1.45297,-0.986427,3.02689,-2.10205
3.33061,-0.0013584,-0.0852461,-2.80291,-0.111627,0.179195,1.40676,1.54159,-1.05795,2.96731,-2.0629
3.34155,-0.00260294,-0.11924,-2.80491,-0.109328,0.196752,1.41578,1.54267,-1.01837,2.90574,-2.03158
3.35354,-0.00405945,-0.148601,-2.71398,-0.10713,0.211619,1.38253,1.49263,-1.15484,2.80492,-2.0629
3.36452,-0.00605019,-0.180376,-2.64499,-0.10444,0.228406,1.36233,1.45461,-1.14587,2.79437,-2.03941
3.37657,-0.00818192,-0.209807,-2.71436,-0.101905,0.243033,1.41656,1.49265,-1.15828,2.99508,-2.21167
3.38856,-0.010854,-0.240468,-2.60968,-0.0989568,0.259987,1.38515,1.43489,-0.799381,2.8628,-1.99243
3.40055,-0.0139747,-0.269574,-2.40918,-0.0955524,0.276347,1.31114,1.32436,-0.862623,2.69854,-1.93762
3.41256,-0.0174087,-0.295759,-2.18909,-0.0922226,0.291185,1.23175,1.20298,-0.49392,2.57088,-2.07856
3.42457,-0.0209718,-0.317813,-1.93389,-0.0887251,0.304977,1.13789,1.06224,-0.306644,2.4107,-2.00809
3.43653,-0.0249785,-0.337887,-1.682,-0.0849199,0.31783,1.04695,0.923245,-0.273667,2.27862,-1.92196
3.44751,-0.0291189,-0.353941,-1.38194,-0.0809639,0.329691,0.936278,0.757741,-0.137621,2.08559,-1.828
3.45836,-0.0330489,-0.365333,-1.08108,-0.0773697,0.33895,0.826505,0.591842,0.276707,1.92177,-1.61659
3.46914,-0.0370437,-0.375095,-0.943938,-0.0736818,0.347252,0.796555,0.515944,0.115129,1.99782,-1.95328
3.48158,-0.0411897,-0.381648,-0.638838,-0.069735,0.355128,0.683203,0.347764,0.32593,1.73366,-1.76536
3.49355,-0.0459489,-0.385207,-0.333487,-0.0653526,0.362375,0.571185,0.179476,0.226484,1.56579,-1.61659
3.50555,-0.0504578,-0.384162,0.0449142,-0.0610704,0.368006,0.428595,-0.0287652,0.317215,1.30631,-1.69489
3.51756,-0.0550843,-0.378147,0.450146,-0.0565486,0.372388,0.270052,-0.251535,0.568952,1.03892,-1.75753
3.52958,-0.0597023,-0.369024,0.692711,-0.0519843,0.375027,0.194043,-0.384781,0.661444,1.03366,-1.69489
3.54038,-0.0639284,-0.35507,1.15405,-0.0475844,0.375602,0.00832164,-0.63786,0.739453,0.609746,-1.56178
3.55258,-0.0676824,-0.336814,1.64568,-0.0435565,0.374041,-0.196529,-0.907269,0.719482,0.248273,-1.55395
3.56458,-0.0716365,-0.308682,2.25764,-0.0390152,0.369721,-0.466431,-1.24227,0.888867,-0.292025,-1.70272
3.57533,-0.0750989,-0.276922,2.65219,-0.0345438,0.362741,-0.625547,-1.45776,0.889222,-0.43437,-1.56961
3.58756,-0.0779542,-0.244359,2.94458,-0.0306915,0.354703,-0.738345,-1.61716,0.924104,-0.557274,-1.45216
3.59844,-0.0806628,-0.204149,3.30287,-0.0264253,0.344451,-0.890182,-1.81252,0.999765,-0.853385,-1.4365
3.61058,-0.082669,-0.165747,3.52062,-0.0227825,0.334105,-0.973029,-1.93097,1.01096,-0.906567,-1.48348
3.62258,-0.0844117,-0.118918,3.80788,-0.0187835,0.3214,-1.09763,-2.08753,1.24439,-1.16191,-1.58527
3.63458,-0.0855337,-0.0707225,4.06215,-0.0150994,0.307747,-1.20828,-2.22625,1.40463,-1.3373,-1.49131
3.64659,-0.0860758,-0.018879,4.27935,-0.0114401,0.292231,-1.30639,-2.34495,1.44179,-1.49293,-1.33471
3.65854,-0.0859742,0.0357237,4.52593,-0.00797973,0.275229,-1.42488,-2.48013,1.40094,-1.72968,-1.17028
3.67059,-0.0852082,0.0922753,4.73274,-0.00486105,0.257641,-1.52965,-2.59396,1.43313,-1.90881,-1.15462
3.68127,-0.0837693,0.150515,4.9274,-0.0018376,0.238358,-1.63475,-2.70161,1.46716,-2.11029,-1.15462
3.69263,-0.0818791,0.202635,4.88685,0.00051622,0.220716,-1.62832,-2.68061,1.43782,-1.98336,-1.2016
3.70337,-0.0792588,0.257291,4.82216,0.00299508,0.202422,-1.61415,-2.64674,1.43891,-1.96183,-1.16245
3.71426,-0.0761658,0.307166,4.58076,0.00507295,0.185321,-1.51843,-2.51606,1.46785,-1.70855,-1.18594
3.72523,-0.0725503,0.354651,4.38103,0.00705318,0.168151,-1.44825,-2.40824,1.41836,-1.6287,-1.07632
3.73657,-0.0684967,0.40041,4.301,0.00877139,0.152514,-1.4432,-2.36604,1.42549,-1.72135,-0.990188
3.74859,-0.0637096,0.446664,4.13872,0.0103922,0.136819,-1.40122,-2.27867,1.27202,-1.63763,-1.07632
3.75956,-0.0579423,0.493306,3.85698,0.0119573,0.120362,-1.30657,-2.12553,1.18592,-1.44104,-1.10764
3.77031,-0.0524198,0.532339,3.67824,0.0131728,0.106611,-1.27316,-2.02842,1.06488,-1.49394,-1.24075
3.7811,-0.0464778,0.569277,3.48193,0.0142428,0.0932569,-1.22865,-1.92127,0.949054,-1.45754,-1.36603
3.79195,-0.040157,0.604069,3.29089,0.0151723,0.0804531,-1.19095,-1.81659,0.841462,-1.45158,-1.38169
3.80284,-0.0333542,0.635494,2.92948,0.0160016,0.0679203,-1.07177,-1.61773,0.733723,-1.19872,-1.37386
3.81468,-0.0263169,0.66225,2.53578,0.0166703,0.0572619,-0.941269,-1.40054,0.634685,-1.00608,-1.33471
3.82659,-0.0182383,0.68694,2.14075,0.0172799,0.0473966,-0.81252,-1.18195,0.512226,-0.837021,-1.46782
3.83729,-0.0100928,0.705276,1.64684,0.0177842,0.0392612,-0.644621,-0.908479,0.5032,-0.551915,-1.60093
3.84806,-0.00244348,0.716419,1.11048,0.0181729,0.0335618,-0.456254,-0.611451,0.469723,-0.260284,-1.56961
3.85876,0.00525889,0.723447,0.732457,0.0185102,0.0295576,-0.342259,-0.401332,0.460418,-0.215328,-1.64791
3.8695,0.0131061,0.727472,0.449145,0.0188112,0.0267171,-0.276166,-0.243194,0.539651,-0.22717,-1.69489
3.88021,0.0208812,0.728731,0.194141,0.0190851,0.0243554,-0.225657,-0.100656,0.555763,-0.233784,-1.77319
3.89089,0.0286292,0.727179,-0.0697754,0.019335,0.0223184,-0.169979,0.046686,0.602163,-0.209288,-1.68706
3.90161,0.0364204,0.723893,-0.229552,0.0195649,0.0205663,-0.166106,0.136665,0.575955,-0.345014,-1.67923
3.91224,0.0440667,0.71883,-0.402611,0.0197765,0.0189404,-0.156003,0.233741,0.578399,-0.404684,-1.70272
3.92308,0.0518413,0.710743,-0.667286,0.0199734,0.0178256,-0.0986078,0.380911,0.575648,-0.329578,-1.86715
3.93389,0.0594517,0.698567,-1.05286,0.0201628,0.0176113,0.0181192,0.593998,0.583559,-0.126577,-1.95328
3.94562,0.0675728,0.679647,-1.52602,0.0203771,0.0191667,0.180449,0.854548,0.486243,0.147318,-2.15686
3.95628,0.0746713,0.656738,-2.08719,0.0206011,0.0226115,0.382082,1.16245,0.464542,0.491672,-2.23516
3.96703,0.0815117,0.628427,-2.59295,0.0208738,0.0281367,0.566207,1.43907,0.38358,0.73615,-2.2978
3.97786,0.0882038,0.594497,-3.03514,0.021217,0.0355532,0.721218,1.67996,0.398947,0.924569,-2.44657
3.98864,0.0944114,0.557463,-3.37608,0.021647,0.0442246,0.827098,1.86469,0.253331,1.00132,-2.5327
3.99954,0.100248,0.516859,-3.68019,0.0221759,0.0543463,0.919391,2.02865,0.295505,1.09347,-2.6893
4.01053,0.10568,0.472802,-3.9615,0.0228447,0.0647975,1.004,2.17964,0.282305,1.18333,-2.72845
4.02134,0.110596,0.426503,-4.18708,0.0236025,0.0758861,1.06469,2.29987,0.294884,1.21442,-2.77543
4.03204,0.11488,0.379775,-4.35565,0.0244828,0.0875595,1.10182,2.38891,0.0964842,1.20558,-2.90854
4.04272,0.11867,0.329803,-4.64174,0.0254933,0.100103,1.20431,2.54209,0.106895,1.424,-2.91637
4.05349,0.121932,0.275434,-5.01302,0.0266454,0.11393,1.35461,2.74176,-0.0927792,1.72173,-3.0025
4.06427,0.124582,0.21831,-5.29658,0.027954,0.129241,1.46598,2.8938,-0.104475,1.85619,-3.11995
4.07497,0.126585,0.158051,-5.64092,0.0294355,0.146001,1.61398,3.07942,-0.118602,2.14813,-3.394
4.08578,0.127959,0.093619,-5.89104,0.0311056,0.16423,1.7208,3.2142,0.000217283,2.28296,-3.58192
4.09678,0.128622,0.0279054,-6.01383,0.0330661,0.18412,1.76953,3.28034,-0.0643809,2.29438,-3.81683
4.10765,0.128562,-0.0388394,-6.13705,0.0351533,0.203613,1.8253,3.34763,-0.127982,2.39555,-3.94994
4.11849,0.127782,-0.104446,-6.03167,0.037449,0.222815,1.77274,3.29114,0.185135,2.17058,-3.87947
4.12946,0.126288,-0.167266,-5.72651,0.0400649,0.241953,1.62638,3.12644,0.172588,1.78799,-3.87164
4.14036,0.124147,-0.225537,-5.36441,0.0427582,0.258461,1.45822,2.93118,0.136303,1.44823,-3.97343
4.15096,0.121449,-0.280002,-5.12982,0.0456188,0.273268,1.36063,2.80584,0.208004,1.35072,-3.93428
4.16268,0.117861,-0.336422,-4.88052,0.048913,0.288232,1.26106,2.67299,0.500412,1.17735,-3.94211
4.17361,0.113917,-0.386348,-4.61297,0.0520812,0.300953,1.161,2.53002,0.818577,1.01,-3.73069
4.18462,0.109448,-0.432216,-4.24355,0.05538,0.312553,1.01323,2.33121,0.845058,0.709677,-3.67588
4.19604,0.104209,-0.477348,-3.96814,0.059112,0.323657,0.91802,2.18367,1.01682,0.62285,-3.5506
4.20687,0.0988161,-0.514654,-3.48345,0.0626385,0.332294,0.72522,1.92092,1.13717,0.191988,-3.55843
4.21761,0.0931465,-0.547669,-3.14812,0.0662467,0.339026,0.609221,1.7393,1.235,0.106744,-3.68371
4.22954,0.0864595,-0.577808,-2.6014,0.0702543,0.34438,0.389944,1.44128,1.49886,-0.36947,-3.76984
4.24043,0.0800799,-0.598648,-1.98381,0.0741389,0.346888,0.145336,1.10337,1.60567,-0.805272,-3.53494
4.25261,0.0734955,-0.612113,-1.30248,0.0778651,0.346559,-0.133932,0.729564,1.68872,-1.30517,-3.42532
4.26657,0.0659162,-0.617353,-0.499377,0.0820747,0.342708,-0.471928,0.287868,1.73976,-1.94535,-3.19825
4.27859,0.0573076,-0.612087,0.291279,0.0868646,0.3333,-0.793533,-0.148139,2.03159,-2.46847,-2.83024
4.2906,0.0501,-0.599127,1.0179,0.0907014,0.321619,-1.07259,-0.549255,1.89131,-2.86964,-2.66581
4.30261,0.0430909,-0.580049,1.53571,0.0943851,0.30686,-1.26071,-0.835883,2.15207,-3.03287,-2.79892
4.3146,0.0362881,-0.558268,1.75524,0.0980363,0.291313,-1.30142,-0.958529,2.11946,-2.86838,-2.56402
4.3266,0.0296842,-0.533397,1.99068,0.101487,0.274748,-1.35214,-1.08975,2.30652,-2.89788,-2.55619
4.33862,0.0234006,-0.505938,2.20907,0.104609,0.257851,-1.39631,-1.21136,2.51169,-2.89919,-2.38393
4.35062,0.0175602,-0.47628,2.43641,0.107653,0.240869,-1.44814,-1.33763,2.66593,-2.93305,-2.10988
4.3626,0.0119906,-0.440929,2.85605,0.110475,0.22209,-1.60053,-1.56943,2.61032,-3.26398,-2.13337
4.3746,0.0069856,-0.403034,3.14579,0.112962,0.202966,-1.69064,-1.72952,2.39492,-3.3025,-2.19601
4.38657,0.00242169,-0.362568,3.34932,0.115218,0.182705,-1.74323,-1.84194,2.44273,-3.30017,-2.05507
4.39865,-0.00173999,-0.319234,3.50884,0.11731,0.160777,-1.77818,-1.92995,2.27851,-3.29259,-1.94545
4.40948,-0.0053047,-0.274891,3.66035,0.119131,0.138518,-1.81311,-2.01339,2.38373,-3.30939,-2.07073
4.42161,-0.00810982,-0.234496,3.64021,0.120568,0.118307,-1.76809,-2.00229,2.18122,-3.09088,-2.07856
4.43363,-0.0106409,-0.193582,3.43513,0.121831,0.098308,-1.63806,-1.88943,2.0111,-2.71188,-2.36044
4.4456,-0.0127778,-0.155464,3.09221,0.122909,0.0795681,-1.4418,-1.70074,1.66948,-2.23597,-2.50138
4.4576,-0.0144475,-0.123291,2.66912,0.123746,0.064274,-1.20931,-1.46798,1.43809,-1.72718,-2.611
4.46963,-0.0157695,-0.0965985,2.20695,0.124447,0.0514399,-0.961851,-1.21375,1.21248,-1.21757,-2.65015
4.48162,-0.0167832,-0.0744672,1.85755,0.124988,0.0417039,-0.774176,-1.02156,1.11477,-0.908782,-2.86939
4.49252,-0.0175557,-0.053124,1.75509,0.125441,0.0330242,-0.713009,-0.965177,1.01268,-0.917475,-3.21391
4.50331,-0.0180278,-0.0339463,1.76356,0.125753,0.0253857,-0.709678,-0.969813,0.757604,-0.963878,-3.3157
4.51567,-0.0182796,-0.0125026,1.97551,0.125981,0.0172242,-0.811041,-1.08635,0.604716,-1.26336,-3.30787
4.52762,-0.0182702,0.0140344,2.1472,0.126128,0.00619327,-0.894437,-1.18077,0.43555,-1.39728,-3.15127
4.53841,-0.0179613,0.0379537,2.01621,0.126136,-0.00413206,-0.829025,-1.10875,0.340656,-1.50539,-3.07297
4.55062,-0.0174337,0.0579832,1.82624,0.126038,-0.0128305,-0.73705,-1.00431,0.476878,-1.30231,-3.12778
4.56261,-0.0166254,0.0762049,1.52032,0.125839,-0.0205893,-0.589233,-0.836113,0.506792,-0.963348,-3.37834
4.57463,-0.0156354,0.0902674,1.19209,0.125547,-0.0266267,-0.433019,-0.655641,0.505806,-0.66291,-3.63673
4.58663,-0.0144848,0.100447,0.854911,0.12521,-0.0304641,-0.274112,-0.470232,0.392861,-0.36666,-3.85598
4.59861,-0.0132449,0.106457,0.51359,0.124823,-0.0324953,-0.114716,-0.282532,0.297325,-0.0738764,-4.05956
4.60949,-0.0119335,0.110312,0.331526,0.124423,-0.0329582,-0.0358376,-0.182406,0.277314,-0.0249457,-3.8873
4.62163,-0.0107351,0.112682,0.232223,0.12407,-0.0328081,0.000953581,-0.12779,0.0645475,-0.0146949,-3.93428
4.63364,-0.00935775,0.114621,0.173522,0.123686,-0.0326328,0.0185494,-0.0955003,0.0892191,-0.0165213,-4.09088
4.64456,-0.00794829,0.116541,0.171291,0.123289,-0.0324617,0.00615282,-0.0942667,-0.0720173,-0.0859906,-4.24748
4.65538,-0.00667674,0.118098,0.156139,0.122924,-0.0326118,-9.7724e-005,-0.0859258,-0.0268836,-0.105979,-4.23182
4.66663,-0.00540792,0.119037,0.100118,0.12259,-0.0325745,0.0154398,-0.0551061,0.0366747,-0.0677134,-4.16918
4.67862,-0.00404993,0.117867,-0.0886958,0.122211,-0.031989,0.0974007,0.0487513,0.00176537,0.147353,-4.30229
4.68931,-0.00268381,0.113228,-0.378969,0.121847,-0.0299998,0.229216,0.208413,-0.00247956,0.438958,-4.54502
4.70016,-0.00149831,0.105767,-0.677523,0.121543,-0.0265753,0.365091,0.372628,-0.0607417,0.686952,-4.66247
4.71087,-0.000419721,0.0960969,-0.894298,0.121283,-0.0219223,0.461848,0.491862,-0.178943,0.813056,-4.72511
4.72264,0.00056102,0.0850023,-1.01472,0.121077,-0.0164837,0.51148,0.558101,-0.347121,0.84281,-4.61549
4.73464,0.0014872,0.0727165,-1.03698,0.120921,-0.0104253,0.512984,0.57034,-0.477782,0.781394,-4.41974
4.74664,0.00230375,0.0622487,-0.857098,0.120832,-0.0046543,0.41396,0.471408,-0.607398,0.473922,-4.38059
4.75739,0.0030015,0.0548435,-0.614492,0.120805,-7.39944e-005,0.284647,0.337974,-0.588463,0.324434,-4.4354
4.76963,0.00357323,0.0503181,-0.410586,0.120817,0.00195437,0.175849,0.225826,-0.431158,0.376721,-4.52153
4.78164,0.00415908,0.0456329,-0.377931,0.120852,0.00371827,0.153913,0.207865,-0.193916,0.432354,-4.66247
4.79257,0.00467407,0.0399737,-0.465314,0.12091,0.00578375,0.191858,0.255924,0.0814496,0.566252,-4.79558
4.80462,0.00507581,0.0338345,-0.560002,0.120985,0.00810314,0.234151,0.308,0.288796,0.645774,-4.81907
4.81664,0.00543319,0.0264212,-0.621454,0.121097,0.0110405,0.260937,0.341797,0.475755,0.674422,-4.87388
4.82863,0.00570687,0.0191715,-0.601185,0.121252,0.014079,0.247297,0.330648,0.452748,0.599903,-4.77992
4.84063,0.00590356,0.013281,-0.484028,0.12144,0.0165667,0.186033,0.266211,0.275183,0.427353,-4.54502
4.85264,0.00604067,0.00935803,-0.322524,0.121644,0.0180919,0.10335,0.177385,0.0841492,0.243776,-4.2788
4.86462,0.00614627,0.00792005,-0.116607,0.121869,0.0185197,-0.000954894,0.0641331,0.0482108,0.0197021,-4.24748
4.87664,0.00624219,0.0086891,0.0675231,0.122083,0.0178595,-0.0940578,-0.0371367,0.22491,-0.146342,-4.2005
4.88863,0.00636001,0.0105454,0.152686,0.122292,0.0163758,-0.137581,-0.0839751,0.490499,-0.175641,-4.19267
4.90064,0.00649822,0.012596,0.173012,0.122481,0.0145715,-0.1489,-0.0951538,0.608748,-0.162773,-4.23182
4.9126,0.00666531,0.0151809,0.216504,0.12264,0.0126956,-0.172003,-0.119074,0.687335,-0.220928,-4.33361
4.92465,0.00685555,0.0169366,0.150065,0.122778,0.0109831,-0.140422,-0.0825329,0.659935,-0.173364,-4.31795
4.93665,0.00707019,0.0185192,0.132825,0.122902,0.0094342,-0.133668,-0.0730505,0.566111,-0.118575,-4.23182
4.94865,0.00729683,0.0197671,0.107626,0.123005,0.00814934,-0.123174,-0.0591911,0.528587,-0.0966081,-4.2005
4.96063,0.00754626,0.0209469,0.098733,0.123098,0.00661677,-0.120951,-0.0542998,0.498018,-0.103837,-4.23965
4.9726,0.0078055,0.0228098,0.159765,0.123166,0.00501323,-0.153915,-0.0878658,0.417807,-0.207716,-4.09088
4.98347,0.00809397,0.0252358,0.204859,0.123213,0.0030136,-0.179006,-0.112666,0.403605,-0.24961,-4.1222
4.99565,0.00838251,0.0275123,0.210912,0.123235,0.000893921,-0.184863,-0.115994,0.418907,-0.245934,-4.02041
5.00765,0.00871357,0.0266288,-0.0689916,0.123235,-0.000450257,-0.0477373,0.0379474,0.46545,-0.203976,-4.21616
5.01849,0.00901628,0.0240284,-0.21462,0.12323,-0.00033278,0.0218317,0.118039,0.49563,-0.127405,-4.37276
5.0307,0.00926464,0.021495,-0.229741,0.123228,-4.83406e-005,0.0264229,0.126354,0.485167,-0.0836741,-4.49804
5.04265,0.00951183,0.0193068,-0.178164,0.123228,5.73575e-005,-0.00180276,0.0979879,0.494556,-0.0891333,-4.45106
5.05463,0.00972717,0.0171694,-0.178915,0.123229,5.73564e-005,-0.00385235,0.0984002,0.439964,-0.0636665,-4.38059
5.06665,0.00991925,0.0149071,-0.187017,0.12323,8.03385e-005,-0.0019135,0.102856,0.360691,-0.036399,-4.3571
5.07862,0.010091,0.0131542,-0.141508,0.123231,0.00010443,-0.0265537,0.0778263,0.371153,-0.0801327,-4.29446
5.09065,0.0102306,0.0106826,-0.209603,0.123232,8.87671e-005,0.00581071,0.115276,0.329706,0.0255357,-4.19267
5.10266,0.0103451,0.00793157,-0.222595,0.123234,0.000205814,0.0109374,0.122421,0.368604,0.0656675,-4.25531
5.11464,0.0104262,0.00501875,-0.231811,0.123238,0.000412703,0.014423,0.127489,0.289332,0.0929351,-4.38842
5.12556,0.0104681,0.00230924,-0.236372,0.123244,0.000664833,0.0159081,0.129998,0.327559,0.102081,-4.49021
5.13766,0.0104797,-0.000160058,-0.227537,0.123253,0.00092364,0.0110792,0.125139,0.321657,0.0929663,-4.52153
5.14966,0.0104607,-0.00299081,-0.234522,0.123265,0.00113573,0.0144573,0.12898,0.405755,0.113099,-4.38842
5.16164,0.0104132,-0.00497823,-0.167258,0.123279,0.00113626,-0.0189896,0.0919873,0.494823,0.0111417,-4.29446
5.17365,0.0103429,-0.0065548,-0.130028,0.123291,0.000834756,-0.0371402,0.0715117,0.483021,-0.00708221,-4.21616
5.18466,0.0102554,-0.00792349,-0.113998,0.123298,0.000271704,-0.0444659,0.062696,0.454184,-0.0216828,-4.21616
5.19666,0.0101572,-0.00998504,-0.189056,0.123299,1.07462e-005,-0.00607557,0.103976,0.489333,-0.0672099,-4.21616
5.20745,0.0100249,-0.0122273,-0.189533,0.123299,1.62287e-005,-0.00487456,0.104239,0.513347,-0.0999908,-4.17701
5.21864,0.00988486,-0.0141711,-0.184538,0.123299,-3.87032e-005,-0.00607448,0.101492,0.624282,-0.1582,-4.14569
5.23066,0.00971082,-0.0162724,-0.185484,0.123298,-7.88385e-005,-0.00422725,0.102013,0.680622,-0.190948,-4.08305
5.24264,0.00950006,-0.0187125,-0.204588,0.123297,-0.000141146,0.00703282,0.11252,0.761643,-0.225494,-4.09871
5.25466,0.00926356,-0.0209706,-0.191765,0.123295,-0.000170712,0.00268826,0.105468,0.806181,-0.27648,-3.99692
5.26667,0.00900265,-0.023129,-0.184975,0.123293,-0.000239626,0.00161342,0.101735,0.767955,-0.28563,-3.99692
5.27733,0.00871274,-0.0249498,-0.153823,0.123289,-0.000423165,-0.0114037,0.0846025,0.810746,-0.329334,-3.98126
5.28815,0.00843747,-0.026167,-0.115714,0.123283,-0.000653666,-0.0276148,0.0636438,0.827114,-0.363945,-3.95777
5.29906,0.00814886,-0.0269587,-0.0757005,0.123274,-0.000943829,-0.044922,0.0416371,0.818795,-0.396772,-3.93428
5.30993,0.00784565,-0.0284545,-0.139654,0.123263,-0.00116836,-0.0101129,0.0768107,0.829104,-0.271031,-3.90296
5.32066,0.00753058,-0.0303788,-0.182755,0.12325,-0.00112041,0.0144131,0.100516,0.795696,-0.232811,-3.87164
5.33138,0.00719372,-0.0324193,-0.193507,0.123239,-0.000925603,0.0228797,0.10643,0.771009,-0.231031,-3.7855
5.34229,0.00682812,-0.0346219,-0.205529,0.123231,-0.000664563,0.0321955,0.113043,0.70112,-0.209242,-3.84815
5.3531,0.00644446,-0.0364172,-0.169974,0.123225,-0.000391735,0.0180043,0.0934887,0.688644,-0.258466,-3.82466
5.36463,0.00601658,-0.0375041,-0.0980828,0.123221,-0.000294557,-0.0141786,0.0539492,0.658457,-0.335047,-3.84032
5.37556,0.00560345,-0.0382448,-0.0719619,0.123217,-0.000465107,-0.0230418,0.0395829,0.614999,-0.322327,-3.89513
5.38649,0.00518812,-0.0386432,-0.0409458,0.12321,-0.000769551,-0.0344972,0.0225241,0.724847,-0.342293,-3.93428
5.39828,0.00473219,-0.038298,0.0246547,0.123199,-0.00125742,-0.0632234,-0.0135561,0.854544,-0.411455,-3.93428
5.40894,0.00432259,-0.0382771,-0.0020672,0.123182,-0.00177745,-0.0453895,0.00114043,0.905911,-0.322142,-3.94211
5.41983,0.00390226,-0.0382877,-0.00509176,0.123161,-0.00220965,-0.039859,0.00280359,0.881217,-0.320376,-3.82466
5.43139,0.00346001,-0.038411,-0.0150265,0.123132,-0.00260968,-0.030768,0.00826735,0.85894,-0.294921,-3.80117
5.442,0.00305016,-0.0387585,-0.0367412,0.123103,-0.00288735,-0.0155721,0.0202101,0.833181,-0.254886,-3.80117
